# Created by Octave 3.8.0, Tue May 05 12:38:12 2015 BST <marcinwalendzik@Marcins-MacBook-Pro.local>
# name: v
# type: matrix
# rows: 1
# columns: 10
 6.1101 5.5277 8.518599999999999 7.0032 5.8598 8.382899999999999 7.4764 8.578099999999999 6.4862 5.0546


